uav_name:
    id: 4
    x: 124.39323725421879
    y: -125.44083893921936
    z: 98.6
    heading: 0