uav_name:
    id: 2
    x: 125.23176274578121
    y: 125.71329238722136
    z: 98.6
    heading: 0