uav_name:
    id: 2
    x: 0.2317627457812106
    y: 0.7132923872213651
    z: 98.6
    heading: 0