uav_name:
    id: 3
    x: -0.6067627457812105
    y: 0.4408389392193549
    z: 98.6
    heading: 0