uav_name:
    id: 4
    x: 124.39323725421879
    y: 124.55916106078064
    z: 98.6
    heading: 0