uav_name:
    id: 4
    x: -0.6067627457812107
    y: -0.4408389392193548
    z: 98.6
    heading: 0