uav_name:
    id: 5
    x: 125.23176274578121
    y: 124.28670761277863
    z: 98.6
    heading: 0