uav_name:
    id: 5
    x: 0.23176274578121042
    y: -0.7132923872213652
    z: 98.6
    heading: 0